d0cf 11e0 a1b1 1ae1 0000 0000 0000 0000
0000 0000 0000 0000 3e00 0300 feff 0900
0600 0000 0000 0000 0000 0000 0100 0000
2700 0000 0000 0000 0010 0000 2900 0000
0100 0000 feff ffff 0000 0000 2600 0000
ffff ffff ffff ffff ffff ffff ffff ffff
ffff ffff ffff ffff ffff ffff ffff ffff
ffff ffff ffff ffff ffff ffff ffff ffff
ffff ffff ffff ffff ffff ffff ffff ffff
ffff ffff ffff ffff ffff ffff ffff ffff
ffff ffff ffff ffff ffff ffff ffff ffff
ffff ffff ffff ffff ffff ffff ffff ffff
ffff ffff ffff ffff ffff ffff ffff ffff
ffff ffff ffff ffff ffff ffff ffff ffff
ffff ffff ffff ffff ffff ffff ffff ffff
ffff ffff ffff ffff ffff ffff ffff ffff
ffff ffff ffff ffff ffff ffff ffff ffff
ffff ffff ffff ffff ffff ffff ffff ffff
ffff ffff ffff ffff ffff ffff ffff ffff
ffff ffff ffff ffff ffff ffff ffff ffff
ffff ffff ffff ffff ffff ffff ffff ffff
ffff ffff ffff ffff ffff ffff ffff ffff
ffff ffff ffff ffff ffff ffff ffff ffff
ffff ffff ffff ffff ffff ffff ffff ffff
ffff ffff ffff ffff ffff ffff ffff ffff
ffff ffff ffff ffff ffff ffff ffff ffff
ffff ffff ffff ffff ffff ffff ffff ffff
ffff ffff ffff ffff ffff ffff ffff ffff
ffff ffff ffff ffff ffff ffff ffff ffff
ffff ffff ffff ffff ffff ffff ffff ffff
ffff ffff ffff ffff ffff ffff ffff ffff
ffff ffff ffff ffff ffff ffff ffff ffff
eca5 c100 0780 0904 0000 f052 bf00 0000
0000 0010 0000 0000 0008 0000 1008 0000
0e00 626a 626a a4de a4de 0000 0000 0000
0000 0000 0000 0000 0000 0000 0408 1600
320e 0000 c6b4 0100 c6b4 0100 0200 0000
0000 0000 0d00 0000 0000 0000 0000 0000
0000 0000 0000 0000 0000 0000 ffff 0f00
0000 0000 0000 0000 ffff 0f00 0000 0000
0000 0000 ffff 0f00 0000 0000 0000 0000
0000 0000 0000 0000 b700 0000 0000 1c06
0000 0000 0000 1c06 0000 6513 0000 0000
0000 6513 0000 0000 0000 6513 0000 0000
0000 6513 0000 0000 0000 6513 0000 1400
0000 0000 0000 0000 0000 ffff ffff 0000
0000 7913 0000 0000 0000 7913 0000 0000
0000 7913 0000 3800 0000 b113 0000 0c00
0000 bd13 0000 0c00 0000 7913 0000 0000
0000 9a16 0000 3401 0000 c913 0000 0000
0000 c913 0000 0000 0000 c913 0000 0000
0000 c913 0000 0000 0000 c913 0000 0000
0000 1d15 0000 0000 0000 1d15 0000 0000
0000 1d15 0000 0000 0000 1916 0000 0200
0000 1b16 0000 0000 0000 1b16 0000 0000
0000 1b16 0000 0000 0000 1b16 0000 0000
0000 1b16 0000 0000 0000 1b16 0000 2400
0000 ce17 0000 a202 0000 701a 0000 3800
0000 3f16 0000 1500 0000 0000 0000 0000
0000 0000 0000 0000 0000 6513 0000 0000
0000 1d15 0000 0000 0000 0000 0000 0000
0000 0000 0000 0000 0000 1d15 0000 0000
0000 1d15 0000 0000 0000 1d15 0000 0000
0000 1d15 0000 0000 0000 3f16 0000 0000
0000 0000 0000 0000 0000 6513 0000 0000
0000 6513 0000 0000 0000 c913 0000 0000
0000 0000 0000 0000 0000 c913 0000 5401
0000 5416 0000 1600 0000 d115 0000 0000
0000 d115 0000 0000 0000 d115 0000 0000
0000 1d15 0000 3a00 0000 6513 0000 0000
0000 c913 0000 0000 0000 6513 0000 0000
0000 c913 0000 0000 0000 1916 0000 0000
0000 0000 0000 0000 0000 d115 0000 0000
0000 0000 0000 0000 0000 0000 0000 0000
0000 0000 0000 0000 0000 0000 0000 0000
0000 0000 0000 0000 0000 0000 0000 0000
0000 1d15 0000 0000 0000 1916 0000 0000
0000 0000 0000 0000 0000 d115 0000 0000
0000 0000 0000 0000 0000 d115 0000 0000
0000 0000 0000 0000 0000 0000 0000 0000
0000 0000 0000 0000 0000 0000 0000 0000
0000 0000 0000 0000 0000 0000 0000 0000
0000 0000 0000 0000 0000 0000 0000 0000
0000 0000 0000 0000 0000 d115 0000 0000
0000 c913 0000 0000 0000 ffff ffff 0000
0000 d0f2 24c5 1d31 d001 0000 0000 0000
0000 7913 0000 0000 0000 5715 0000 3a00
0000 d115 0000 0000 0000 0000 0000 0000
0000 0516 0000 1400 0000 6a16 0000 3000
0000 9a16 0000 0000 0000 d115 0000 0000
0000 a81a 0000 0000 0000 9115 0000 4000
0000 a81a 0000 0000 0000 d115 0000 0000
0000 0000 0000 0000 0000 0000 0000 0000
0000 0000 0000 0000 0000 0000 0000 0000
0000 0000 0000 0000 0000 0000 0000 0000
0000 0000 0000 0000 0000 0000 0000 0000
0000 0000 0000 0000 0000 a81a 0000 0000
0000 0000 0000 0000 0000 6513 0000 0000
0000 d115 0000 3400 0000 1d15 0000 0000
0000 1d15 0000 0000 0000 d115 0000 0000
0000 1d15 0000 0000 0000 1d15 0000 0000
0000 0000 0000 0000 0000 0000 0000 0000
0000 0000 0000 0000 0000 0000 0000 0000
0000 1d15 0000 0000 0000 1d15 0000 0000
0000 1d15 0000 0000 0000 3f16 0000 0000
0000 3f16 0000 0000 0000 0000 0000 0000
0000 0000 0000 0000 0000 0000 0000 0000
0000 0000 0000 0000 0000 d115 0000 0000
0000 0000 0000 0000 0000 0000 0000 0000
0000 0000 0000 0000 0000 0000 0000 0000
0000 1d15 0000 0000 0000 1d15 0000 0000
0000 1d15 0000 0000 0000 9a16 0000 0000
0000 1d15 0000 0000 0000 1d15 0000 0000
0000 1d15 0000 0000 0000 1d15 0000 0000
0000 0000 0000 0000 0000 ffff ffff 0000
0000 ffff ffff 0000 0000 ffff ffff 0000
0000 0000 0000 0000 0000 ffff ffff 0000
0000 ffff ffff 0000 0000 ffff ffff 0000
0000 ffff ffff 0000 0000 ffff ffff 0000
0000 ffff ffff 0000 0000 ffff ffff 0000
0000 ffff ffff 0000 0000 ffff ffff 0000
0000 ffff ffff 0000 0000 ffff ffff 0000
0000 ffff ffff 0000 0000 ffff ffff 0000
0000 ffff ffff 0000 0000 a81a 0000 0000
0000 1d15 0000 0000 0000 1d15 0000 0000
0000 1d15 0000 0000 0000 1d15 0000 0000
0000 1d15 0000 0000 0000 1d15 0000 0000
0000 0000 0000 0000 0000 0000 0000 0000
0000 0000 0000 0000 0000 0000 0000 0000
0000 0000 0000 0000 0000 0000 0000 0000
0000 0000 0000 0000 0000 1d15 0000 0000
0000 1d15 0000 0000 0000 1d15 0000 0000
0000 1c06 0000 0f0c 0000 2b12 0000 3a01
0000 0500 1201 0000 0904 0408 0000 0000
0000 0000 0000 0000 0000 0000 0000 0000
0000 0000 0000 0000 0000 0000 0000 0000
0000 0000 0000 0000 0000 0000 0000 0000
0000 0000 0000 0000 0000 0000 0000 0000
0000 0000 0000 0000 0000 0000 0000 0000
0000 0000 0000 0000 0000 0000 0000 0000
0000 0000 0000 0000 0000 0000 0000 0000
0000 0000 0000 0000 0000 0000 0000 0000
0000 0000 0000 0000 0000 0000 0000 0000
0000 0000 0000 0000 0000 0000 0000 0000
0000 0000 0000 0000 0000 0000 0000 0000
0000 0000 0000 0000 0000 0000 0000 0000
0000 0000 0000 0000 0000 0000 0000 0000
0000 0000 0000 0000 0000 0000 0000 0000
0000 0000 0000 0000 0000 0000 0000 0000
0000 0000 0000 0000 0000 0000 0000 0000
0000 0000 0000 0000 0000 0000 0000 0000
0000 0000 0000 0000 0000 0000 0000 0000
0000 0000 0000 0000 0000 0000 0000 0000
0000 0000 0000 0000 0000 0000 0000 0000
0000 0000 0000 0000 0000 0000 0000 0000
0000 0000 0000 0000 0000 0000 0000 0000
0000 0000 0000 0000 0000 0000 0000 0000
0000 0000 0000 0000 0000 0000 0000 0000
0000 0000 0000 0000 0000 0000 0000 0000
0000 0000 0000 0000 0000 0000 0000 0000
410d 030d 0d04 0d0d 030d 0d04 0d0d 0d0d
0000 0000 0000 0000 0000 0000 0000 0000
0000 0000 0000 0000 0000 0000 0000 0000
0000 0000 0000 0000 0000 0000 0000 0000
0000 0000 0000 0000 0000 0000 0000 0000
0000 0000 0000 0000 0000 0000 0000 0000
0000 0000 0000 0000 0000 0000 0000 0000
0000 0000 0000 0000 0000 0000 0000 0000
0000 0000 0000 0000 0000 0000 0000 0000
0000 0000 0000 0000 0000 0000 0000 0000
0000 0000 0000 0000 0000 0000 0000 0000
0000 0000 0000 0000 0000 0000 0000 0000
0000 0000 0000 0000 0000 0000 0000 0000
0000 0000 0000 0000 0000 0000 0000 0000
0000 0000 0000 0000 0000 0000 0000 0000
0000 0000 0000 0000 0000 0000 0000 0000
0000 0000 0000 0000 0000 0000 0000 0000
0000 0000 0000 0000 0000 0000 0000 0000
0000 0000 0000 0000 0000 0000 0000 0000
0000 0000 0000 0000 0000 0000 0000 0000
0000 0000 0000 0000 0000 0000 0000 0000
0000 0000 0000 0000 0000 0000 0000 0000
0000 0000 0000 0000 0000 0000 0000 0000
0000 0000 0000 0000 0000 0000 0000 0000
0000 0000 0000 0000 0000 0000 0000 0000
0000 0000 0000 0000 0000 0000 0000 0000
0000 0000 0000 0000 0000 0000 0000 0000
0000 0000 0000 0000 0000 0000 0000 0000
0000 0000 0000 0000 0000 0000 0000 0000
0000 0000 0000 0000 0000 0000 0000 0000
0000 0000 0000 0000 0000 0000 0000 0000
0000 0000 0000 0000 0000 0000 0000 0000
0008 0000 0108 0000 0208 0000 0308 0000
0508 0000 0608 0000 0808 0000 0908 0000
0b08 0000 0c08 0000 0f08 0000 1008 0000
f9f2 eae6 eae6 eae6 eae6 f200 0000 0000
0000 0000 0000 0000 0000 0000 0000 0000
0000 0000 0000 0000 0000 0000 0000 0000
0000 0000 0000 0000 0000 0000 0000 0000
0000 0000 0000 0000 0000 0000 0000 0000
0000 0000 0000 0000 0000 0000 0000 0000
0000 0000 0000 0000 0000 0000 0000 0000
0000 0000 0000 0000 0000 0000 0000 0000
0000 0000 0000 0000 0000 0000 0000 0000
0000 0000 0000 0000 0000 0000 0000 0000
0000 0000 0000 0000 0000 0000 0000 0000
0000 0000 0000 0000 0000 0000 0000 0000
0000 0000 0000 0000 0000 0000 0000 0000
0000 0000 0000 0000 0000 0000 0000 0000
0000 0000 0000 0000 0000 0000 0000 0000
0000 0000 0000 0000 0000 0000 0000 0000
0000 0000 0000 0000 0000 0000 0000 0000
0000 0000 0000 0000 0000 0000 0000 0000
0000 0000 0000 0000 0000 0000 0000 0000
0000 0000 0000 0000 0000 0000 0000 0000
0000 0000 0000 0000 0000 0000 0000 0000
0000 0000 0000 0000 0000 0000 0000 0000
0000 0000 0000 0000 0000 0000 0000 0000
0000 0000 0000 0000 0000 0000 0000 0000
0000 0000 0000 0000 0000 0000 0000 0000
0000 0000 0000 0000 0000 0000 0616 681b
6275 0000 0f03 6a00 0000 0016 681b 6275
0055 0801 0c15 687a 35ee 0016 68e8 0696
0000 0c16 68c4 11c7 0036 0881 6f28 010b
0008 0000 0208 0000 0408 0000 0508 0000
0708 0000 0808 0000 0a08 0000 0b08 0000
0d08 0000 0e08 0000 0f08 0000 1008 0000
fd00 0000 0000 0000 0000 0000 00f8 0000
0000 0000 0000 0000 0000 fd00 0000 0000
0000 0000 0000 00f8 0000 0000 0000 0000
0000 0000 fd00 0000 0000 0000 0000 0000
00f8 0000 0000 0000 0000 0000 0000 fd00
0000 0000 0000 0000 0000 00f8 0000 0000
0000 0000 0000 0000 fd00 0000 0000 0000
0000 0000 00fd 0000 0000 0000 0000 0000
0000 fd00 0000 0000 0000 0000 0000 0000
0000 0000 0000 0000 0000 0000 0000 0000
0000 0000 0000 0000 0000 0000 0000 0000
0000 0000 0000 0000 0000 0000 0000 0000
0000 0000 0000 0000 0000 0000 0000 0000
0000 0000 0000 0000 0000 0000 0000 0000
0000 0000 0000 0000 0000 0000 0000 0000
0000 0000 0000 0000 0000 0000 0000 0000
0000 0000 0000 0000 0000 0000 0000 0000
0000 0000 0000 0000 0000 0000 0000 0000
0000 0000 0000 0000 0000 0000 0000 0000
0000 0000 0000 0000 0000 0000 0000 0000
0000 0000 0000 0000 0000 0000 0000 0000
0000 0000 0000 0000 0000 0000 0000 0000
0000 0000 0000 0000 0000 0000 0000 0000
0000 0000 0000 0000 0000 0000 0000 0000
0000 0000 0000 0000 0000 0000 0000 0000
0000 0000 0000 0000 0000 0000 0000 0000
0000 0000 0000 0000 0000 0000 0000 0000
0000 0000 0000 0000 0000 0000 0000 0000
0004 0000 6764 b97a d000 0001 0000 000b
3000 3190 3801 3250 0200 1fb0 822e 20b0
c641 21b0 0807 22b0 0807 2390 a005 2490
a005 25b0 0000 17b0 5303 18b0 e003 0c90
d002 0000 0000 0000 0000 0000 0000 0000
0000 0000 0000 0000 0000 0000 0000 0000
0000 0000 0000 0000 0000 0000 0000 0000
0000 0000 0000 0000 0000 0000 0000 0000
0000 0000 0000 0000 0000 0000 0000 0000
0000 0000 0000 0000 0000 0000 0000 0000
0000 0000 0000 0000 0000 0000 0000 0000
0000 0000 0000 0000 0000 0000 0000 0000
0000 0000 0000 0000 0000 0000 0000 0000
0000 0000 0000 0000 0000 0000 0000 0000
0000 0000 0000 0000 0000 0000 0000 0000
0000 0000 0000 0000 0000 0000 0000 0000
0000 0000 0000 0000 0000 0000 0000 0000
0000 0000 0000 0000 0000 0000 0000 0000
0000 0000 0000 0000 0000 0000 0000 0000
0000 0000 0000 0000 0000 0000 0000 0000
0000 0000 0000 0000 0000 0000 0000 0000
0000 0000 0000 0000 0000 0000 0000 0000
0000 0000 0000 0000 0000 0000 0000 0000
0000 0000 0000 0000 0000 0000 0000 0000
0000 0000 0000 0000 0000 0000 0000 0000
0000 0000 0000 0000 0000 0000 0000 0000
0000 0000 0000 0000 0000 0000 0000 0000
0000 0000 0000 0000 0000 0000 0000 0000
0000 0000 0000 0000 0000 0000 0000 0000
0000 0000 0000 0000 0000 0000 0000 0000
0000 0000 0000 0000 0000 0000 0000 0000
0000 0000 0000 0000 0000 0000 0000 0000
0000 0000 0000 0000 0000 0000 0000 0000
6204 1100 1200 0100 0b01 0f00 0700 0000
0300 0000 0000 0400 0800 0000 9800 0000
9e00 0000 9e00 0000 9e00 0000 9e00 0000
9e00 0000 9e00 0000 9e00 0000 9e00 0000
3606 0000 3606 0000 3606 0000 3606 0000
3606 0000 3606 0000 3606 0000 3606 0000
3606 0000 7602 0000 7602 0000 7602 0000
7602 0000 7602 0000 7602 0000 7602 0000
7602 0000 7602 0000 3606 0000 3606 0000
3606 0000 3606 0000 3606 0000 3606 0000
3e02 0000 3606 0000 3606 0000 3606 0000
3606 0000 3606 0000 3606 0000 3606 0000
3606 0000 3606 0000 3606 0000 3606 0000
3606 0000 3606 0000 3606 0000 3606 0000
3606 0000 3606 0000 3606 0000 3606 0000
3606 0000 3606 0000 3606 0000 3606 0000
3606 0000 3606 0000 3606 0000 3606 0000
a800 0000 3606 0000 3606 0000 1600 0000
3606 0000 3606 0000 3606 0000 3606 0000
3606 0000 3606 0000 3606 0000 3606 0000
b800 0000 3606 0000 3606 0000 3606 0000
3606 0000 3606 0000 3606 0000 3606 0000
3606 0000 3606 0000 3606 0000 3606 0000
3606 0000 6801 0000 4801 0000 3606 0000
3606 0000 3606 0000 3606 0000 3606 0000
3606 0000 3606 0000 3606 0000 3606 0000
3606 0000 3606 0000 3606 0000 3606 0000
3606 0000 3606 0000 3606 0000 3606 0000
3606 0000 3606 0000 3606 0000 3606 0000
3606 0000 3606 0000 3606 0000 3606 0000
3606 0000 3606 0000 3606 0000 3606 0000
3606 0000 3606 0000 3606 0000 3606 0000
3606 0000 3606 0000 3606 0000 3606 0000
3606 0000 3606 0000 3606 0000 3606 0000
3606 0000 3606 0000 3606 0000 3606 0000
3606 0000 3606 0000 3606 0000 3606 0000
3606 0000 3606 0000 3606 0000 3606 0000
3606 0000 3606 0000 3606 0000 3606 0000
3606 0000 3606 0000 3606 0000 3606 0000
3606 0000 3606 0000 3606 0000 3606 0000
b003 0000 3606 0000 3206 0000 1800 0000
c003 0000 d003 0000 e003 0000 f003 0000
0004 0000 1004 0000 2004 0000 3004 0000
4004 0000 5004 0000 6004 0000 7004 0000
8004 0000 9004 0000 c003 0000 d003 0000
e003 0000 f003 0000 0004 0000 1004 0000
3206 0000 2802 0000 d801 0000 e801 0000
2004 0000 3004 0000 4004 0000 5004 0000
6004 0000 7004 0000 8004 0000 9004 0000
c003 0000 d003 0000 e003 0000 f003 0000
0004 0000 1004 0000 2004 0000 3004 0000
4004 0000 5004 0000 6004 0000 7004 0000
8004 0000 9004 0000 c003 0000 d003 0000
e003 0000 f003 0000 0004 0000 1004 0000
2004 0000 3004 0000 4004 0000 5004 0000
6004 0000 7004 0000 8004 0000 9004 0000
c003 0000 d003 0000 e003 0000 f003 0000
0004 0000 1004 0000 2004 0000 3004 0000
4004 0000 5004 0000 6004 0000 7004 0000
8004 0000 9004 0000 c003 0000 d003 0000
e003 0000 f003 0000 0004 0000 1004 0000
2004 0000 3004 0000 4004 0000 5004 0000
6004 0000 7004 0000 8004 0000 9004 0000
c003 0000 d003 0000 e003 0000 f003 0000
0004 0000 1004 0000 2004 0000 3004 0000
4004 0000 5004 0000 6004 0000 7004 0000
8004 0000 9004 0000 3801 0000 5801 0000
f801 0000 0802 0000 1802 0000 5602 0000
7e02 0000 1800 0000 504a 0300 5f48 0104
6d48 0904 6e48 0408 7348 0904 7448 0408
0000 0000 4600 0060 f1ff 0200 4600 0c10
0000 0000 0000 0000 0200 636b 8765 0000
0b00 0000 0324 0331 2400 6124 0300 1c00
434a 1500 4b48 0200 5f48 0104 6d48 0904
6e48 0408 7348 0904 7448 0408 0000 0000
0000 0000 0000 0000 0000 0000 0000 2400
4120 f2ff a100 2400 0c00 0000 0000 0000
0000 0600 d89e a48b b56b 3d84 575b 534f
0000 0000 4600 6900 f3ff b300 4600 0c0d
0000 0000 0000 3006 0400 6e66 1a90 6888
3c68 0000 2000 3a56 0b00 17f6 0300 0034
d606 0001 0503 0000 34d6 0600 010a 036c
0061 f603 0000 0200 0b00 0000 2000 6b20
f4ff c100 2000 000d 0000 0000 0000 3006
0300 e065 1752 6888 0000 0200 0c00 0000
0000 3800 2000 0100 f200 3800 0c00 0000
0000 0000 0000 0200 7598 1a81 0000 1600
0f00 6124 0003 2400 4724 000d c608 0002
3910 7220 0102 0400 434a 1200 8e00 1f00
0100 0201 8e00 0c00 0000 0000 0000 0000
0200 7598 0977 0000 6300 1000 1264 f000
0100 6124 0303 2403 4724 0040 2609 2464
0000 0001 4ec6 0800 0000 ff00 0001 0025
6400 0000 044f c608 0000 00ff 0000 0400
2664 0000 0001 50c6 0800 0000 ff00 0001
0027 6400 0000 0451 c608 0000 00ff 0000
0400 0dc6 0800 0239 1072 2001 0200 0c00
434a 1200 4f4a 0000 514a 0000 504b 0304
1400 0600 0800 0000 2100 828a bc13 fa00
0000 1c02 0000 1300 0000 5b43 6f6e 7465
6e74 5f54 7970 6573 5d2e 786d 6cac 91cb
6ac3 3010 45f7 85fe 83d0 b6d8 72ba 28a5
d8ce a249 777d 2cd2 0f18 e4b1 2d6a 8f84
3409 c9df 77ec b850 ba08 2d74 2310 62ce
997b 55ae 8fe3 a00e 1893 f354 e955 5e68
8564 7de3 a8ab f4fb ee29 bbd7 2a31 5003
8327 acf4 0993 5ed7 d757 e5ee 1430 2999
a654 e99e 393c 1893 6c8f 23a4 dc07 2479
697d 1c81 e51a 3b13 c07e 4087 e6b6 28ee
8cf5 c448 9cf1 c4d0 75f9 2a0b 44d7 a07a
83c8 2f30 8ac7 b0a0 f0fb f90c 2480 980b
58ab c733 615a a2d2 10c2 e02c b044 3007
6a7e e833 dfb6 ce62 e3ed 7e14 693e 8317
d8cd 0433 bf5c 60f5 3fea 2fe7 065b d80f
acb6 47e9 e25c 7fc4 21fd 2ddb 526b 2e93
73fe d4bb 902e 182e 97b7 b461 e6bf ad3f
0100 00ff ff03 0050 4b03 0414 0006 0008
0000 0021 00a5 d6a7 e7c0 0000 0036 0100
000b 0000 005f 7265 6c73 2f2e 7265 6c73
848f cf6a c330 0c87 ef85 bd83 d17d 51d2
c318 2576 2fa5 9043 2fa3 7d00 e128 7f68
221b db1b ebdb 4fc7 060a bb08 84a4 eff7
a93d feae 8bf9 e194 e720 169a aa06 c3e2
433f cb68 e176 3dbf 7f82 c985 a4a7 2508
5b78 7086 a37b dbb5 5fbc 50d1 a33c cd31
1ba5 48b6 3095 120f 88d9 4fbc 52ae 4264
d1c9 10d2 4a45 db34 6224 7fa7 9171 5fd7
1f98 9e19 e036 4cd3 f516 52d7 3760 ae8f
a8c9 ffb3 c330 cc9e 4fc1 7faf 2ce5 4504
6e37 944c 69e4 62a1 a82f e353 bd90 a865
aad4 1ed0 b5b8 f9d6 fd01 0000 ffff 0300
504b 0304 1400 0600 0800 0000 2100 6b79
9616 8300 0000 8a00 0000 1c00 0000 7468
656d 652f 7468 656d 652f 7468 656d 654d
616e 6167 6572 2e78 6d6c 0ccc 4d0a c320
1040 e17d a177 90d9 3763 bb28 4562 b2cb
aebb f600 439c 1a41 c7a0 d29f dbd7 e5e3
8337 cedf 14d5 9b4b 0d59 2c9c 070d 8a65
cd2e 88b7 f07c 2ca7 1ba8 da48 1cc5 2c6c
e1c7 15e6 e978 18c9 b48d 13df 49c8 7351
7d23 d590 85ad b5dd 20d6 b52b d521 ef2c
dd5e b924 6a3d 8b47 57e8 d3f7 29e2 45eb
2b26 0a02 38fd 0100 00ff ff03 0050 4b03
0414 0006 0008 0000 0021 00c7 1c6d 149c
0600 0051 1b00 0016 0000 0074 6865 6d65
2f74 6865 6d65 2f74 6865 6d65 312e 786d
6cec 594d 6f1b 4518 be23 f11f 467b 6f63
2776 1a47 75aa d8b1 1b68 d346 b15b d4e3
783d de9d 7a76 6735 334e ea1b 6a8f 4848
8882 7aa0 12e2 c201 0195 5a09 24ca af49
292a 45ea 5fe0 9d99 ddf5 4ebc 2649 1b41
05f5 21f1 ce3e eff7 c7bc 33be 78e9 4ec4
d03e 1192 f2b8 e955 cf57 3c44 629f 0f69
1c34 bd1b fdee b935 0f49 85e3 2166 3c26
4d6f 4aa4 7769 e3fd f72e e275 1592 8820
a08f e53a 6e7a a152 c9fa d292 f461 19cb
f33c 2131 bc1b 7111 6105 8f22 581a 0a7c
007c 23b6 b45c a9ac 2e45 98c6 1e8a 7104
6caf 8f46 d427 e8d9 cfbf bcf8 e681 b791
71ef 3010 112b a917 7c26 7a9a 3771 480c
7638 ae6a 849c ca36 1368 1fb3 a607 8286
fca0 4fee 280f 312c 15bc 687a 15f3 f196
362e 2ee1 f594 88a9 05b4 05ba aef9 a474
29c1 70bc 6c64 8a60 900b ad76 6b8d 0b5b
397f 0360 6a1e d7e9 74da 9d6a cecf 00b0
ef83 a556 9722 cf5a 77ad daca 7816 40f6
eb3c ef76 a55e a9b9 f802 ff95 399d 1bad
56ab de48 75b1 4c0d c87e adcd e1d7 2aab
b5cd 6507 6f40 165f 9fc3 d75a 9bed f6aa
8337 208b 5f9d c377 2f34 566b 2ede 8042
46e3 f11c 5a07 b4db 4db9 e790 1167 dba5
f035 80af 5552 f80c 05d9 9067 9716 31e2
b15a 946b 11be cd45 1700 1ac8 b0a2 3152
d384 8cb0 0f69 dcc6 d140 50ac 05e0 7582
0b6f ec92 2fe7 96b4 2c24 7d41 13d5 f43e
4c30 94c4 8cdf aba7 dfbf 7afa 181d de7d
7278 f7a7 c37b f70e effe 6819 3954 db38
0e8a 542f bffd eccf 871f a33f 1e7f fdf2
fe17 e578 59c4 fff6 c327 cf7e fdbc 1c08
e533 53e7 f997 8f7e 7ff2 e8f9 834f 5f7c
77bf 04be 29f0 a008 efd3 8848 748d 1ca0
3d1e 8161 c62b aee6 6420 4e47 d10f 312d
526c c681 c431 d652 4af8 7754 e8a0 af4d
314b a3e3 e8d1 22ae 076f 0a68 1f65 c0cb
93db 8ec2 bd50 4c14 2d91 7c25 8c1c e00e
e7ac c545 a917 ae68 5905 37f7 2771 502e
5c4c 8ab8 3d8c f7cb 64b7 71ec c4b7 3349
a06f 6669 e918 de0e 89a3 e62e c3b1 c201
8989 42fa 1d1f 1352 62dd 2d4a 1dbf ee50
5f70 c947 0add a2a8 8569 a94b fa74 e064
d38c 689b 4610 9769 99cd 106f c737 3b37
518b b332 abb7 c8be 8b84 aac0 ac44 f93e
618e 1b2f e389 c251 19cb 3e8e 58d1 e157
b10a cb94 ec4d 855f c475 a482 4807 8471
d419 1229 cb68 ae0b b0b7 10f4 2b18 3a56
69d8 77d8 3472 9142 d171 19cf ab98 f322
728b 8fdb 218e 9232 6c8f c661 11fb 811c
438a 62b4 cb55 197c 87bb 15a2 9f21 0e38
5e18 ee9b 9438 e13e be1b dca0 81a3 d22c
41f4 9b89 d0b1 8456 ed74 e088 c67f d78e
1985 7e6c 73e0 ecda 3134 c0e7 5f3d 2cc9
acb7 b511 6fc2 9e54 5609 db47 daef 22dc
d1a6 dbe6 6248 dffe 9ebb 8527 f12e 8134
9fdf 78de b5dc 772d d7fb cfb7 dc45 f57c
d246 3beb add0 76f5 dc60 8762 3322 470b
27e4 1165 aca7 a68c 5c95 6648 96b0 4f0c
bbb0 a8e9 ccf1 90e4 27a6 2484 af69 5f77
7081 c086 0609 ae3e a22a ec85 3881 01bb
ea69 2681 4c59 0712 255c c2c1 ce2c 97f2
d678 18d2 953d 16d6 f581 c1f6 0389 d50e
1fda e515 bd9c 9d0b 7236 66b7 09cc e133
13b4 a219 9c54 d8ca 8594 2998 fd3a c2aa
5aa9 134b ab1a d54c ab73 a4e5 2643 0ce7
4d83 c5dc 9b30 8020 185b c0cb ab70 40d7
a2e1 6082 1919 6abf dbbd 370b 8b89 c259
8648 8678 48d2 1869 bbe7 6354 3541 ca72
c5dc 0440 ee94 c448 1ff2 8ef1 5a41 5a43
b37d 0369 2709 5251 5c6d 81b8 2c7a 6f12
a52c 8367 51d2 757b a41c 595c 2c4e 16a3
83a6 d7a8 2fd7 3de4 e3a4 e98d e04c 0b5f
a304 a22e f5cc 8759 0037 43be 1236 ed8f
2d66 53e5 b368 3632 c3dc 22a8 c235 85f5
fb9c c14e 1f48 8454 5b58 8636 35cc ab34
0558 ac25 59fd 97eb e0d6 b332 c066 fa6b
68b1 b206 c9f0 af69 017e 7443 4b46 23e2
ab62 b00b 2bda 77f6 316d a57c a288 e885
c303 3460 13b1 8721 fc3a 55c1 9e21 9570
3561 3a82 7e80 7b34 ed6d f3ca 6dce 69d1
156f af0c ceae 6396 8438 6db7 ba44 b34a
b670 53c7 b90e e6a9 a01e d856 aabb 31ee
f4a6 9892 3f23 538a 69fc 3f33 45ef 2770
53b0 32d4 11f0 e11e 5760 a4eb b5e9 71a1
420e 5d28 09a9 df15 3038 98de 01d9 0277
b1f0 1a92 0a6e 93cd 7f41 f6f5 7f5b 7396
8729 6b38 f0a9 3d1a 2041 613f 52a1 2064
17da 92c9 be63 9855 d3bd cbb2 6429 2393
5105 7565 62d5 1e90 7dc2 faba 07ae eabd
dd43 21a4 bae9 2669 1b30 b8a3 f9e7 3ea7
1534 08f4 9053 ac37 a787 e47b afad 817f
7af2 b1c5 0c46 b97d d80c 3499 ff73 154b
7655 4b6f c8b3 bdb7 6888 7e31 1bb3 6a59
5580 b0c2 56d0 48cb fe35 5538 e556 6b3b
d69c c5cb f54c 3988 e2bc c5b0 980f 4409
dcf7 20fd 07f6 3f2a 7c46 4c1a eb0d b5cf
f7a0 b722 f8a1 4133 83b4 81ac 3e67 070f
a41b a45d 1cc0 e064 176d 3269 56d6 b5e9
e8a4 bd96 6dd6 673c e9e6 728f 385b 6b76
9278 9fd2 d9f9 70e6 8a73 6af1 2c9d 9d7a
d8f1 b55d 5be8 6a88 ecd1 1285 a551 7690
3181 31bf 6915 7f75 e283 db10 e82d b8df
9f30 254d 32c1 6f4a 02c3 e8d9 3375 00c5
6f25 1ad2 8dbf 0000 00ff ff03 0050 4b03
0414 0006 0008 0000 0021 000d d190 9fb6
0000 001b 0100 0027 0000 0074 6865 6d65
2f74 6865 6d65 2f5f 7265 6c73 2f74 6865
6d65 4d61 6e61 6765 722e 786d 6c2e 7265
6c73 848f 4d0a c230 1484 f782 7708 6f6f
d3ba 1091 26dd 88d0 add4 0384 e435 0d36
3f24 51ec ed0d ae2c 082e 8761 be99 69bb
979d c913 6332 de31 68aa 1a08 3ae9 9571
9ac1 6db8 ec8e 4052 164e 89d9 3b64 b060
828e 6f37 ed15 6791 4b28 4d26 2452 282e
3198 720e 274a 939c d08a 54f9 80ae 38a3
8f56 e422 a3a6 41c8 bbd0 48f7 757d a0f1
9b01 7cc5 24bd 6210 7bd5 0019 9650 9aff
b3fd 381a 8967 2f1f 165d fe51 4173 d985
0528 a2c6 cce0 239b aa4c 04ca 5bba bac4
df00 0000 ffff 0300 504b 0102 2d00 1400
0600 0800 0000 2100 828a bc13 fa00 0000
1c02 0000 1300 0000 0000 0000 0000 0000
0000 0000 0000 5b43 6f6e 7465 6e74 5f54
7970 6573 5d2e 786d 6c50 4b01 022d 0014
0006 0008 0000 0021 00a5 d6a7 e7c0 0000
0036 0100 000b 0000 0000 0000 0000 0000
0000 002b 0100 005f 7265 6c73 2f2e 7265
6c73 504b 0102 2d00 1400 0600 0800 0000
2100 6b79 9616 8300 0000 8a00 0000 1c00
0000 0000 0000 0000 0000 0000 1402 0000
7468 656d 652f 7468 656d 652f 7468 656d
654d 616e 6167 6572 2e78 6d6c 504b 0102
2d00 1400 0600 0800 0000 2100 c71c 6d14
9c06 0000 511b 0000 1600 0000 0000 0000
0000 0000 0000 d102 0000 7468 656d 652f
7468 656d 652f 7468 656d 6531 2e78 6d6c
504b 0102 2d00 1400 0600 0800 0000 2100
0dd1 909f b600 0000 1b01 0000 2700 0000
0000 0000 0000 0000 0000 a109 0000 7468
656d 652f 7468 656d 652f 5f72 656c 732f
7468 656d 654d 616e 6167 6572 2e78 6d6c
2e72 656c 7350 4b05 0600 0000 0005 0005
005d 0100 009c 0a00 0000 003c 3f78 6d6c
2076 6572 7369 6f6e 3d22 312e 3022 2065
6e63 6f64 696e 673d 2255 5446 2d38 2220
7374 616e 6461 6c6f 6e65 3d22 7965 7322
3f3e 0d0a 3c61 3a63 6c72 4d61 7020 786d
6c6e 733a 613d 2268 7474 703a 2f2f 7363
6865 6d61 732e 6f70 656e 786d 6c66 6f72
6d61 7473 2e6f 7267 2f64 7261 7769 6e67
6d6c 2f32 3030 362f 6d61 696e 2220 6267
313d 226c 7431 2220 7478 313d 2264 6b31
2220 6267 323d 226c 7432 2220 7478 323d
2264 6b32 2220 6163 6365 6e74 313d 2261
6363 656e 7431 2220 6163 6365 6e74 323d
2261 6363 656e 7432 2220 6163 6365 6e74
333d 2261 6363 656e 7433 2220 6163 6365
6e74 343d 2261 6363 656e 7434 2220 6163
6365 6e74 353d 2261 6363 656e 7435 2220
6163 6365 6e74 363d 2261 6363 656e 7436
2220 686c 696e 6b3d 2268 6c69 6e6b 2220
666f 6c48 6c69 6e6b 3d22 666f 6c48 6c69
6e6b 222f 3e00 0000 0010 0000 000b 0000
0e00 0000 00ff ffff ff00 0000 0003 0000
0006 0000 0006 0000 0009 0000 000c 0000
000c 0000 000c 0000 000c 0000 000c 0000
000c 0000 000c 0000 000c 0000 000f 0000
0000 0800 0010 0800 0005 0000 0000 0800
0010 0800 0006 0000 000f 0000 f066 0000
0000 0006 f020 0000 0002 0c00 0003 0000
0003 0000 0002 0000 0002 0000 0002 0000
0001 0000 0001 0000 0053 000b f01e 0000
0080 0104 0000 0081 019c bee0 0083 01bb
d5f0 00c0 0173 9cc3 00cb 0103 3e00 0040
001e f110 0000 00ff ff00 0000 00ff 0080
8080 00f7 0000 1000 0f00 02f0 8c00 0000
2000 08f0 0800 0000 0200 0000 0104 0000
0f00 03f0 3000 0000 0f00 04f0 2800 0000
0100 09f0 1000 0000 0000 0000 0000 0000
0000 0000 0000 0000 0200 0af0 0800 0000
0004 0000 0500 0000 0f00 04f0 3c00 0000
1200 0af0 0800 0000 0104 0000 000e 0000
4300 0bf0 1800 0000 7f00 0000 8d01 7f01
2000 2000 ff01 0000 0800 3f03 0100 0100
0000 11f0 0400 0000 0100 0000 010f 0002
f048 0000 0010 0008 f008 0000 0001 0000
0000 0800 000f 0003 f030 0000 000f 0004
f028 0000 0001 0009 f010 0000 0000 0000
0000 0000 0000 0000 0000 0000 0002 000a
f008 0000 0000 0800 0005 0000 0000 0000
0002 0000 0004 0000 0005 0000 0007 0000
0008 0000 000a 0000 000b 0000 000d 0000
0011 0000 0007 0007 0002 0007 0002 0007
0002 0007 0002 0000 0000 0002 0000 0004
0000 0005 0000 0007 0000 0008 0000 000a
0000 000b 0000 000d 0000 0011 0000 0007
0007 0002 0007 0002 0007 0002 0007 0002
0000 0000 0001 0000 0002 0000 0004 0000
0005 0000 0007 0000 0008 0000 000a 0000
000b 0000 000d 0000 0011 0000 0005 0007
0007 0002 0007 0002 0007 0002 0007 0002
0007 0000 0004 0000 0008 0000 00e5 0000
0000 0000 0006 0000 00e3 023e 001b 6275
00e8 0696 00f0 7a9a 00c4 11c7 00b9 7ad0
007a 35ee 0000 0000 0002 0000 0004 0000
0000 0000 0001 0000 00ff 4001 8001 0000
0000 0000 0000 0000 e02f 0901 0001 0000
0000 0000 0000 0000 0000 0000 0000 0002
1000 0000 0000 0000 1000 0000 5800 0010
0040 0000 ffff 0100 0000 0700 5500 6e00
6b00 6e00 6f00 7700 6e00 ffff 0100 0800
0000 0000 0000 0000 0000 ffff 0100 0000
0000 ffff 0000 0200 ffff 0000 0000 ffff
0000 0200 ffff 0000 0000 0500 0000 471e
9001 0000 0202 0603 0504 0502 0304 ff2a
00e0 4178 00c0 0900 0000 0000 0000 ff01
0000 0000 0000 5400 6900 6d00 6500 7300
2000 4e00 6500 7700 2000 5200 6f00 6d00
6100 6e00 0000 351e 9001 0200 0505 0102
0107 0602 0507 0000 0000 0000 0010 0000
0000 0000 0000 0000 0080 0000 0000 5300
7900 6d00 6200 6f00 6c00 0000 332e 9001
0000 020b 0604 0202 0202 0204 ff2a 00e0
4378 00c0 0900 0000 0000 0000 ff01 0000
0000 0000 4100 7200 6900 6100 6c00 0000
3b0e 9001 8603 0201 0600 0301 0101 0101
0300 0000 0000 8f28 1600 0000 0000 0000
0100 0400 0000 0000 8b5b 534f 0000 5300
6900 6d00 5300 7500 6e00 0000 411e 9001
0000 0204 0503 0504 0603 0204 ff02 00e0
ff24 0042 0000 0000 0000 0000 9f01 0000
0000 0000 4300 6100 6d00 6200 7200 6900
6100 2000 4d00 6100 7400 6800 0000 2000
0400 c108 8818 0000 a401 c851 6801 0000
0000 5e32 0667 f081 31a7 0000 0000 0500
0700 0000 0000 0000 0100 0000 0100 0100
0000 0400 0310 0100 0000 0000 0000 0100
0000 0100 0100 0000 0100 0000 0000 0000
2103 0000 0000 0000 0300 5a00 2600 2100
2900 2c00 2e00 3a00 3b00 3f00 5d00 7d00
a800 b700 c702 c902 1520 1620 1920 1d20
2620 3622 0130 0230 0330 0530 0930 0b30
0d30 0f30 1130 1530 1730 01ff 02ff 07ff
09ff 0cff 0eff 1aff 1bff 1fff 3dff 40ff
5cff 5dff 5eff e0ff 0000 0000 0000 0000
0000 0000 0000 0000 0000 0000 0000 0000
0000 0000 0000 0000 0000 0000 0000 0000
0000 0000 0000 0000 0000 0000 0000 0000
0000 0000 0000 0000 0000 0000 0000 0000
0000 0000 0000 0000 0000 0000 0000 0000
0000 0000 0000 0000 0000 0000 0000 0000
0000 0000 0000 0000 2800 5b00 7b00 b700
1820 1c20 0830 0a30 0c30 0e30 1030 1430
1630 08ff 0eff 3bff 5bff e1ff e5ff 0000
0000 0000 0000 0000 0000 0000 0000 0000
0000 0000 0000 0000 0000 0000 0000 0000
0000 0000 0000 0000 0000 0000 0000 0000
0000 0000 0000 0000 0000 0000 0000 0807
a005 b400 9c00 0280 7200 0000 0000 0000
0000 0000 0000 0000 0100 0000 0100 0000
0000 0000 0000 0000 0000 0000 0000 0000
0000 0000 0000 0000 0000 0000 0000 0000
0000 0000 0000 0000 0000 0000 0000 0000
0000 0000 0000 0000 0000 0000 0200 0000
0000 0000 0000 0133 8311 0000 0000 0000
fcfd 0100 0000 0000 0000 0000 0000 0000
0000 0000 0000 0000 0000 0008 0808 0000
0000 29f0 ff0f 0108 013f 0000 a803 0000
ffff ff7f ffff ff7f ffff ff7f ffff ff7f
ffff ff7f ffff ff7f ffff ff7f 272a 1700
0004 0000 3200 0000 0000 0000 0000 0000
0000 0000 0000 0000 0000 2104 0000 0000
0000 0000 0000 0000 0000 0000 0000 101c
0000 0400 0000 0000 0000 0000 7800 0000
7800 0000 0000 0000 0000 0000 a005 0000
ffff 1200 0000 0000 0000 0000 0000 0000
0000 0400 4300 6f00 6300 6f00 0300 7a00
6c00 7900 0000 0000 0000 0000 0000 0000
0000 0000 0000 0000 0000 0000 0000 0000
0000 0000 0000 0000 0000 0000 0000 0000
0000 0000 0000 0000 0000 0000 0000 0000
0000 0000 0000 0000 0000 0000 0000 0000
0000 0000 0000 0000 0000 0000 0000 0000
0000 0000 0000 0000 0000 0000 0000 0000
0000 0000 0000 0000 0000 0000 0000 0000
0000 0000 0000 0000 0000 0000 0000 0000
0000 0000 0000 0000 0000 0000 0000 0000
0000 0000 0000 0000 0000 0000 0000 0000
0000 0000 0000 0000 0000 0000 0000 0000
0000 0000 0000 0000 0000 0000 0000 0000
0000 0000 0000 0000 0000 0000 0000 0000
0000 0000 0000 0000 0000 0000 0000 0000
0000 0000 0000 0000 0000 0000 0000 0000
0000 0000 0000 0000 0000 0000 0000 0000
0000 0000 0000 0000 0000 0000 0000 0000
0000 0000 0000 0000 0000 0000 0000 0000
0000 0000 0000 0000 0000 0000 0000 0000
0000 0000 0000 0000 0000 0000 0000 0000
0000 0000 0000 0000 0000 0000 0000 0000
0000 0000 0000 0000 0000 0000 0000 0000
feff 0000 0601 0200 0000 0000 0000 0000
0000 0000 0000 0000 0100 0000 e085 9ff2
f94f 6810 ab91 0800 2b27 b3d9 3000 0000
6801 0000 1100 0000 0100 0000 9000 0000
0200 0000 9800 0000 0300 0000 a400 0000
0400 0000 b000 0000 0500 0000 c000 0000
0600 0000 cc00 0000 0700 0000 d800 0000
0800 0000 ec00 0000 0900 0000 f800 0000
1200 0000 0401 0000 0a00 0000 2401 0000
0c00 0000 3001 0000 0d00 0000 3c01 0000
0e00 0000 4801 0000 0f00 0000 5001 0000
1000 0000 5801 0000 1300 0000 6001 0000
0200 0000 a803 0000 1e00 0000 0400 0000
0000 0000 1e00 0000 0400 0000 0000 0000
1e00 0000 0800 0000 436f 636f 0000 0000
1e00 0000 0400 0000 0000 0000 1e00 0000
0400 0000 0000 0000 1e00 0000 0c00 0000
4e6f 726d 616c 2e64 6f74 6d00 1e00 0000
0400 0000 7a6c 7900 1e00 0000 0400 0000
3500 0000 1e00 0000 1800 0000 4d69 6372
6f73 6f66 7420 4f66 6669 6365 2057 6f72
6400 0000 4000 0000 00ea 56fa 0000 0000
4000 0000 00dc 7ce3 8343 cd01 4000 0000
0078 c4b1 1d31 d001 0300 0000 0100 0000
0300 0000 0000 0000 0300 0000 0100 0000
0300 0000 0000 0000 0000 0000 0000 0000
0000 0000 0000 0000 0000 0000 0000 0000
0000 0000 0000 0000 0000 0000 0000 0000
0000 0000 0000 0000 0000 0000 0000 0000
0000 0000 0000 0000 0000 0000 0000 0000
0000 0000 0000 0000 0000 0000 0000 0000
0000 0000 0000 0000 0000 0000 0000 0000
0000 0000 0000 0000 0000 0000 0000 0000
0000 0000 0000 0000 0000 0000 0000 0000
0000 0000 0000 0000 0000 0000 0000 0000
0000 0000 0000 0000 0000 0000 0000 0000
0000 0000 0000 0000 0000 0000 0000 0000
0000 0000 0000 0000 0000 0000 0000 0000
0000 0000 0000 0000 0000 0000 0000 0000
0000 0000 0000 0000 0000 0000 0000 0000
0000 0000 0000 0000 0000 0000 0000 0000
0000 0000 0000 0000 0000 0000 0000 0000
0000 0000 0000 0000 0000 0000 0000 0000
0000 0000 0000 0000 0000 0000 0000 0000
0000 0000 0000 0000 0000 0000 0000 0000
0000 0000 0000 0000 0000 0000 0000 0000
0000 0000 0000 0000 0000 0000 0000 0000
0000 0000 0000 0000 0000 0000 0000 0000
0000 0000 0000 0000 0000 0000 0000 0000
0000 0000 0000 0000 0000 0000 0000 0000
0000 0000 0000 0000 0000 0000 0000 0000
0000 0000 0000 0000 0000 0000 0000 0000
0000 0000 0000 0000 0000 0000 0000 0000
0000 0000 0000 0000 0000 0000 0000 0000
0000 0000 0000 0000 0000 0000 0000 0000
0000 0000 0000 0000 0000 0000 0000 0000
0000 0000 0000 0000 0000 0000 0000 0000
0000 0000 0000 0000 0000 0000 0000 0000
0000 0000 0000 0000 0000 0000 0000 0000
0000 0000 0000 0000 0000 0000 0000 0000
0000 0000 0000 0000 0000 0000 0000 0000
0000 0000 0000 0000 0000 0000 0000 0000
0000 0000 0000 0000 0000 0000 0000 0000
0000 0000 0000 0000 0000 0000 0000 0000
0000 0000 0000 0000 0000 0000 0000 0000
0000 0000 0000 0000 0000 0000 0000 0000
0000 0000 0000 0000 0000 0000 0000 0000
0000 0000 0000 0000 0000 0000 0000 0000
0000 0000 0000 0000 0000 0000 0000 0000
0000 0000 0000 0000 0000 0000 0000 0000
0000 0000 0000 0000 0000 0000 0000 0000
0000 0000 0000 0000 0000 0000 0000 0000
0000 0000 0000 0000 0000 0000 0000 0000
0000 0000 0000 0000 0000 0000 0000 0000
0000 0000 0000 0000 0000 0000 0000 0000
0000 0000 0000 0000 0000 0000 0000 0000
0000 0000 0000 0000 0000 0000 0000 0000
0000 0000 0000 0000 0000 0000 0000 0000
0000 0000 0000 0000 0000 0000 0000 0000
0000 0000 0000 0000 0000 0000 0000 0000
0000 0000 0000 0000 0000 0000 0000 0000
0000 0000 0000 0000 0000 0000 0000 0000
0000 0000 0000 0000 0000 0000 0000 0000
0000 0000 0000 0000 0000 0000 0000 0000
0000 0000 0000 0000 0000 0000 0000 0000
0000 0000 0000 0000 0000 0000 0000 0000
0000 0000 0000 0000 0000 0000 0000 0000
0000 0000 0000 0000 0000 0000 0000 0000
0000 0000 0000 0000 0000 0000 0000 0000
0000 0000 0000 0000 0000 0000 0000 0000
0000 0000 0000 0000 0000 0000 0000 0000
0000 0000 0000 0000 0000 0000 0000 0000
0000 0000 0000 0000 0000 0000 0000 0000
0000 0000 0000 0000 0000 0000 0000 0000
0000 0000 0000 0000 0000 0000 0000 0000
0000 0000 0000 0000 0000 0000 0000 0000
0000 0000 0000 0000 0000 0000 0000 0000
0000 0000 0000 0000 0000 0000 0000 0000
0000 0000 0000 0000 0000 0000 0000 0000
0000 0000 0000 0000 0000 0000 0000 0000
0000 0000 0000 0000 0000 0000 0000 0000
0000 0000 0000 0000 0000 0000 0000 0000
0000 0000 0000 0000 0000 0000 0000 0000
0000 0000 0000 0000 0000 0000 0000 0000
0000 0000 0000 0000 0000 0000 0000 0000
0000 0000 0000 0000 0000 0000 0000 0000
0000 0000 0000 0000 0000 0000 0000 0000
0000 0000 0000 0000 0000 0000 0000 0000
0000 0000 0000 0000 0000 0000 0000 0000
0000 0000 0000 0000 0000 0000 0000 0000
0000 0000 0000 0000 0000 0000 0000 0000
0000 0000 0000 0000 0000 0000 0000 0000
0000 0000 0000 0000 0000 0000 0000 0000
0000 0000 0000 0000 0000 0000 0000 0000
0000 0000 0000 0000 0000 0000 0000 0000
0000 0000 0000 0000 0000 0000 0000 0000
0000 0000 0000 0000 0000 0000 0000 0000
0000 0000 0000 0000 0000 0000 0000 0000
0000 0000 0000 0000 0000 0000 0000 0000
0000 0000 0000 0000 0000 0000 0000 0000
0000 0000 0000 0000 0000 0000 0000 0000
0000 0000 0000 0000 0000 0000 0000 0000
0000 0000 0000 0000 0000 0000 0000 0000
0000 0000 0000 0000 0000 0000 0000 0000
0000 0000 0000 0000 0000 0000 0000 0000
0000 0000 0000 0000 0000 0000 0000 0000
0000 0000 0000 0000 0000 0000 0000 0000
0000 0000 0000 0000 0000 0000 0000 0000
0000 0000 0000 0000 0000 0000 0000 0000
0000 0000 0000 0000 0000 0000 0000 0000
0000 0000 0000 0000 0000 0000 0000 0000
0000 0000 0000 0000 0000 0000 0000 0000
0000 0000 0000 0000 0000 0000 0000 0000
0000 0000 0000 0000 0000 0000 0000 0000
0000 0000 0000 0000 0000 0000 0000 0000
0000 0000 0000 0000 0000 0000 0000 0000
0000 0000 0000 0000 0000 0000 0000 0000
0000 0000 0000 0000 0000 0000 0000 0000
0000 0000 0000 0000 0000 0000 0000 0000
0000 0000 0000 0000 0000 0000 0000 0000
0000 0000 0000 0000 0000 0000 0000 0000
0000 0000 0000 0000 0000 0000 0000 0000
0000 0000 0000 0000 0000 0000 0000 0000
0000 0000 0000 0000 0000 0000 0000 0000
0000 0000 0000 0000 0000 0000 0000 0000
0000 0000 0000 0000 0000 0000 0000 0000
0000 0000 0000 0000 0000 0000 0000 0000
0000 0000 0000 0000 0000 0000 0000 0000
0000 0000 0000 0000 0000 0000 0000 0000
0000 0000 0000 0000 0000 0000 0000 0000
0000 0000 0000 0000 0000 0000 0000 0000
0000 0000 0000 0000 0000 0000 0000 0000
0000 0000 0000 0000 0000 0000 0000 0000
0000 0000 0000 0000 0000 0000 0000 0000
0000 0000 0000 0000 0000 0000 0000 0000
0000 0000 0000 0000 0000 0000 0000 0000
0000 0000 0000 0000 0000 0000 0000 0000
0000 0000 0000 0000 0000 0000 0000 0000
0000 0000 0000 0000 0000 0000 0000 0000
0000 0000 0000 0000 0000 0000 0000 0000
0000 0000 0000 0000 0000 0000 0000 0000
0000 0000 0000 0000 0000 0000 0000 0000
0000 0000 0000 0000 0000 0000 0000 0000
0000 0000 0000 0000 0000 0000 0000 0000
0000 0000 0000 0000 0000 0000 0000 0000
0000 0000 0000 0000 0000 0000 0000 0000
0000 0000 0000 0000 0000 0000 0000 0000
0000 0000 0000 0000 0000 0000 0000 0000
0000 0000 0000 0000 0000 0000 0000 0000
0000 0000 0000 0000 0000 0000 0000 0000
0000 0000 0000 0000 0000 0000 0000 0000
0000 0000 0000 0000 0000 0000 0000 0000
0000 0000 0000 0000 0000 0000 0000 0000
0000 0000 0000 0000 0000 0000 0000 0000
0000 0000 0000 0000 0000 0000 0000 0000
0000 0000 0000 0000 0000 0000 0000 0000
0000 0000 0000 0000 0000 0000 0000 0000
0000 0000 0000 0000 0000 0000 0000 0000
0000 0000 0000 0000 0000 0000 0000 0000
0000 0000 0000 0000 0000 0000 0000 0000
0000 0000 0000 0000 0000 0000 0000 0000
0000 0000 0000 0000 0000 0000 0000 0000
0000 0000 0000 0000 0000 0000 0000 0000
0000 0000 0000 0000 0000 0000 0000 0000
0000 0000 0000 0000 0000 0000 0000 0000
0000 0000 0000 0000 0000 0000 0000 0000
0000 0000 0000 0000 0000 0000 0000 0000
0000 0000 0000 0000 0000 0000 0000 0000
0000 0000 0000 0000 0000 0000 0000 0000
0000 0000 0000 0000 0000 0000 0000 0000
0000 0000 0000 0000 0000 0000 0000 0000
0000 0000 0000 0000 0000 0000 0000 0000
0000 0000 0000 0000 0000 0000 0000 0000
0000 0000 0000 0000 0000 0000 0000 0000
0000 0000 0000 0000 0000 0000 0000 0000
0000 0000 0000 0000 0000 0000 0000 0000
0000 0000 0000 0000 0000 0000 0000 0000
0000 0000 0000 0000 0000 0000 0000 0000
0000 0000 0000 0000 0000 0000 0000 0000
0000 0000 0000 0000 0000 0000 0000 0000
0000 0000 0000 0000 0000 0000 0000 0000
0000 0000 0000 0000 0000 0000 0000 0000
0000 0000 0000 0000 0000 0000 0000 0000
0000 0000 0000 0000 0000 0000 0000 0000
0000 0000 0000 0000 0000 0000 0000 0000
0000 0000 0000 0000 0000 0000 0000 0000
0000 0000 0000 0000 0000 0000 0000 0000
0000 0000 0000 0000 0000 0000 0000 0000
0000 0000 0000 0000 0000 0000 0000 0000
0000 0000 0000 0000 0000 0000 0000 0000
0000 0000 0000 0000 0000 0000 0000 0000
0000 0000 0000 0000 0000 0000 0000 0000
0000 0000 0000 0000 0000 0000 0000 0000
0000 0000 0000 0000 0000 0000 0000 0000
0000 0000 0000 0000 0000 0000 0000 0000
0000 0000 0000 0000 0000 0000 0000 0000
0000 0000 0000 0000 0000 0000 0000 0000
0000 0000 0000 0000 0000 0000 0000 0000
0000 0000 0000 0000 0000 0000 0000 0000
0000 0000 0000 0000 0000 0000 0000 0000
0000 0000 0000 0000 0000 0000 0000 0000
0000 0000 0000 0000 0000 0000 0000 0000
0000 0000 0000 0000 0000 0000 0000 0000
0000 0000 0000 0000 0000 0000 0000 0000
0000 0000 0000 0000 0000 0000 0000 0000
0000 0000 0000 0000 0000 0000 0000 0000
0000 0000 0000 0000 0000 0000 0000 0000
0000 0000 0000 0000 0000 0000 0000 0000
0000 0000 0000 0000 0000 0000 0000 0000
0000 0000 0000 0000 0000 0000 0000 0000
0000 0000 0000 0000 0000 0000 0000 0000
0000 0000 0000 0000 0000 0000 0000 0000
0000 0000 0000 0000 0000 0000 0000 0000
0000 0000 0000 0000 0000 0000 0000 0000
0000 0000 0000 0000 0000 0000 0000 0000
0000 0000 0000 0000 0000 0000 0000 0000
0000 0000 0000 0000 0000 0000 0000 0000
0000 0000 0000 0000 0000 0000 0000 0000
0000 0000 0000 0000 0000 0000 0000 0000
0000 0000 0000 0000 0000 0000 0000 0000
0000 0000 0000 0000 0000 0000 0000 0000
0000 0000 0000 0000 0000 0000 0000 0000
0000 0000 0000 0000 0000 0000 0000 0000
0000 0000 0000 0000 0000 0000 0000 0000
0000 0000 0000 0000 0000 0000 0000 0000
0000 0000 0000 0000 0000 0000 0000 0000
0000 0000 0000 0000 0000 0000 0000 0000
0000 0000 0000 0000 0000 0000 0000 0000
0000 0000 0000 0000 0000 0000 0000 0000
0000 0000 0000 0000 0000 0000 0000 0000
0000 0000 0000 0000 0000 0000 0000 0000
0000 0000 0000 0000 0000 0000 0000 0000
0000 0000 0000 0000 0000 0000 0000 0000
0000 0000 0000 0000 0000 0000 0000 0000
0000 0000 0000 0000 0000 0000 0000 0000
0000 0000 0000 0000 0000 0000 0000 0000
feff 0000 0601 0200 0000 0000 0000 0000
0000 0000 0000 0000 0200 0000 02d5 cdd5
9c2e 1b10 9397 0800 2b2c f9ae 4400 0000
05d5 cdd5 9c2e 1b10 9397 0800 2b2c f9ae
7c01 0000 3801 0000 1200 0000 0100 0000
9800 0000 0200 0000 a000 0000 0300 0000
ac00 0000 0e00 0000 b800 0000 0f00 0000
c400 0000 0400 0000 d000 0000 0500 0000
d800 0000 0600 0000 e000 0000 0700 0000
e800 0000 0800 0000 f000 0000 0900 0000
f800 0000 0a00 0000 0001 0000 1100 0000
0801 0000 1700 0000 1001 0000 0b00 0000
1801 0000 1000 0000 2001 0000 1300 0000
2801 0000 1600 0000 3001 0000 0200 0000
a803 0000 1e00 0000 0400 0000 0000 0000
1e00 0000 0400 0000 0000 0000 1e00 0000
0400 0000 0000 0000 1e00 0000 0400 0000
0000 0000 0300 0000 0000 0000 0300 0000
0100 0000 0300 0000 0100 0000 0300 0000
0000 0000 0300 0000 0000 0000 0300 0000
0000 0000 0300 0000 0000 0000 0300 0000
0100 0000 0300 0000 0000 0c00 0b00 0000
0000 0000 0b00 0000 0000 0000 0b00 0000
0000 0000 0b00 0000 0000 0000 6000 0000
0300 0000 0000 0000 2000 0000 0100 0000
3f00 0000 0200 0000 4700 0000 0100 0000
0200 0000 1300 0000 4b53 4f50 726f 6475
6374 4275 696c 6456 6572 0002 0000 00a8
0300 001e 0000 0010 0000 0032 3035 322d
392e 312e 302e 3339 3134 0000 0000 0000
0000 0000 0000 0000 0000 0000 0000 0000
0000 0000 0000 0000 0000 0000 0000 0000
0000 0000 0000 0000 0000 0000 0000 0000
0000 0000 0000 0000 0000 0000 0000 0000
0000 0000 0000 0000 0000 0000 0000 0000
0000 0000 0000 0000 0000 0000 0000 0000
0000 0000 0000 0000 0000 0000 0000 0000
0000 0000 0000 0000 0000 0000 0000 0000
0000 0000 0000 0000 0000 0000 0000 0000
0000 0000 0000 0000 0000 0000 0000 0000
0000 0000 0000 0000 0000 0000 0000 0000
0000 0000 0000 0000 0000 0000 0000 0000
0000 0000 0000 0000 0000 0000 0000 0000
0000 0000 0000 0000 0000 0000 0000 0000
0000 0000 0000 0000 0000 0000 0000 0000
0000 0000 0000 0000 0000 0000 0000 0000
0000 0000 0000 0000 0000 0000 0000 0000
0000 0000 0000 0000 0000 0000 0000 0000
0000 0000 0000 0000 0000 0000 0000 0000
0000 0000 0000 0000 0000 0000 0000 0000
0000 0000 0000 0000 0000 0000 0000 0000
0000 0000 0000 0000 0000 0000 0000 0000
0000 0000 0000 0000 0000 0000 0000 0000
0000 0000 0000 0000 0000 0000 0000 0000
0000 0000 0000 0000 0000 0000 0000 0000
0000 0000 0000 0000 0000 0000 0000 0000
0000 0000 0000 0000 0000 0000 0000 0000
0000 0000 0000 0000 0000 0000 0000 0000
0000 0000 0000 0000 0000 0000 0000 0000
0000 0000 0000 0000 0000 0000 0000 0000
0000 0000 0000 0000 0000 0000 0000 0000
0000 0000 0000 0000 0000 0000 0000 0000
0000 0000 0000 0000 0000 0000 0000 0000
0000 0000 0000 0000 0000 0000 0000 0000
0000 0000 0000 0000 0000 0000 0000 0000
0000 0000 0000 0000 0000 0000 0000 0000
0000 0000 0000 0000 0000 0000 0000 0000
0000 0000 0000 0000 0000 0000 0000 0000
0000 0000 0000 0000 0000 0000 0000 0000
0000 0000 0000 0000 0000 0000 0000 0000
0000 0000 0000 0000 0000 0000 0000 0000
0000 0000 0000 0000 0000 0000 0000 0000
0000 0000 0000 0000 0000 0000 0000 0000
0000 0000 0000 0000 0000 0000 0000 0000
0000 0000 0000 0000 0000 0000 0000 0000
0000 0000 0000 0000 0000 0000 0000 0000
0000 0000 0000 0000 0000 0000 0000 0000
0000 0000 0000 0000 0000 0000 0000 0000
0000 0000 0000 0000 0000 0000 0000 0000
0000 0000 0000 0000 0000 0000 0000 0000
0000 0000 0000 0000 0000 0000 0000 0000
0000 0000 0000 0000 0000 0000 0000 0000
0000 0000 0000 0000 0000 0000 0000 0000
0000 0000 0000 0000 0000 0000 0000 0000
0000 0000 0000 0000 0000 0000 0000 0000
0000 0000 0000 0000 0000 0000 0000 0000
0000 0000 0000 0000 0000 0000 0000 0000
0000 0000 0000 0000 0000 0000 0000 0000
0000 0000 0000 0000 0000 0000 0000 0000
0000 0000 0000 0000 0000 0000 0000 0000
0000 0000 0000 0000 0000 0000 0000 0000
0000 0000 0000 0000 0000 0000 0000 0000
0000 0000 0000 0000 0000 0000 0000 0000
0000 0000 0000 0000 0000 0000 0000 0000
0000 0000 0000 0000 0000 0000 0000 0000
0000 0000 0000 0000 0000 0000 0000 0000
0000 0000 0000 0000 0000 0000 0000 0000
0000 0000 0000 0000 0000 0000 0000 0000
0000 0000 0000 0000 0000 0000 0000 0000
0000 0000 0000 0000 0000 0000 0000 0000
0000 0000 0000 0000 0000 0000 0000 0000
0000 0000 0000 0000 0000 0000 0000 0000
0000 0000 0000 0000 0000 0000 0000 0000
0000 0000 0000 0000 0000 0000 0000 0000
0000 0000 0000 0000 0000 0000 0000 0000
0000 0000 0000 0000 0000 0000 0000 0000
0000 0000 0000 0000 0000 0000 0000 0000
0000 0000 0000 0000 0000 0000 0000 0000
0000 0000 0000 0000 0000 0000 0000 0000
0000 0000 0000 0000 0000 0000 0000 0000
0000 0000 0000 0000 0000 0000 0000 0000
0000 0000 0000 0000 0000 0000 0000 0000
0000 0000 0000 0000 0000 0000 0000 0000
0000 0000 0000 0000 0000 0000 0000 0000
0000 0000 0000 0000 0000 0000 0000 0000
0000 0000 0000 0000 0000 0000 0000 0000
0000 0000 0000 0000 0000 0000 0000 0000
0000 0000 0000 0000 0000 0000 0000 0000
0000 0000 0000 0000 0000 0000 0000 0000
0000 0000 0000 0000 0000 0000 0000 0000
0000 0000 0000 0000 0000 0000 0000 0000
0000 0000 0000 0000 0000 0000 0000 0000
0000 0000 0000 0000 0000 0000 0000 0000
0000 0000 0000 0000 0000 0000 0000 0000
0000 0000 0000 0000 0000 0000 0000 0000
0000 0000 0000 0000 0000 0000 0000 0000
0000 0000 0000 0000 0000 0000 0000 0000
0000 0000 0000 0000 0000 0000 0000 0000
0000 0000 0000 0000 0000 0000 0000 0000
0000 0000 0000 0000 0000 0000 0000 0000
0000 0000 0000 0000 0000 0000 0000 0000
0000 0000 0000 0000 0000 0000 0000 0000
0000 0000 0000 0000 0000 0000 0000 0000
0000 0000 0000 0000 0000 0000 0000 0000
0000 0000 0000 0000 0000 0000 0000 0000
0000 0000 0000 0000 0000 0000 0000 0000
0000 0000 0000 0000 0000 0000 0000 0000
0000 0000 0000 0000 0000 0000 0000 0000
0000 0000 0000 0000 0000 0000 0000 0000
0000 0000 0000 0000 0000 0000 0000 0000
0000 0000 0000 0000 0000 0000 0000 0000
0000 0000 0000 0000 0000 0000 0000 0000
0000 0000 0000 0000 0000 0000 0000 0000
0000 0000 0000 0000 0000 0000 0000 0000
0000 0000 0000 0000 0000 0000 0000 0000
0000 0000 0000 0000 0000 0000 0000 0000
0000 0000 0000 0000 0000 0000 0000 0000
0000 0000 0000 0000 0000 0000 0000 0000
0000 0000 0000 0000 0000 0000 0000 0000
0000 0000 0000 0000 0000 0000 0000 0000
0000 0000 0000 0000 0000 0000 0000 0000
0000 0000 0000 0000 0000 0000 0000 0000
0000 0000 0000 0000 0000 0000 0000 0000
0000 0000 0000 0000 0000 0000 0000 0000
0000 0000 0000 0000 0000 0000 0000 0000
0000 0000 0000 0000 0000 0000 0000 0000
0000 0000 0000 0000 0000 0000 0000 0000
0000 0000 0000 0000 0000 0000 0000 0000
0000 0000 0000 0000 0000 0000 0000 0000
0000 0000 0000 0000 0000 0000 0000 0000
0000 0000 0000 0000 0000 0000 0000 0000
0000 0000 0000 0000 0000 0000 0000 0000
0000 0000 0000 0000 0000 0000 0000 0000
0000 0000 0000 0000 0000 0000 0000 0000
0000 0000 0000 0000 0000 0000 0000 0000
0000 0000 0000 0000 0000 0000 0000 0000
0000 0000 0000 0000 0000 0000 0000 0000
0000 0000 0000 0000 0000 0000 0000 0000
0000 0000 0000 0000 0000 0000 0000 0000
0000 0000 0000 0000 0000 0000 0000 0000
0000 0000 0000 0000 0000 0000 0000 0000
0000 0000 0000 0000 0000 0000 0000 0000
0000 0000 0000 0000 0000 0000 0000 0000
0000 0000 0000 0000 0000 0000 0000 0000
0000 0000 0000 0000 0000 0000 0000 0000
0000 0000 0000 0000 0000 0000 0000 0000
0000 0000 0000 0000 0000 0000 0000 0000
0000 0000 0000 0000 0000 0000 0000 0000
0000 0000 0000 0000 0000 0000 0000 0000
0000 0000 0000 0000 0000 0000 0000 0000
0000 0000 0000 0000 0000 0000 0000 0000
0000 0000 0000 0000 0000 0000 0000 0000
0000 0000 0000 0000 0000 0000 0000 0000
0000 0000 0000 0000 0000 0000 0000 0000
0000 0000 0000 0000 0000 0000 0000 0000
0000 0000 0000 0000 0000 0000 0000 0000
0000 0000 0000 0000 0000 0000 0000 0000
0000 0000 0000 0000 0000 0000 0000 0000
0000 0000 0000 0000 0000 0000 0000 0000
0000 0000 0000 0000 0000 0000 0000 0000
0000 0000 0000 0000 0000 0000 0000 0000
0000 0000 0000 0000 0000 0000 0000 0000
0000 0000 0000 0000 0000 0000 0000 0000
0000 0000 0000 0000 0000 0000 0000 0000
0000 0000 0000 0000 0000 0000 0000 0000
0000 0000 0000 0000 0000 0000 0000 0000
0000 0000 0000 0000 0000 0000 0000 0000
0000 0000 0000 0000 0000 0000 0000 0000
0000 0000 0000 0000 0000 0000 0000 0000
0000 0000 0000 0000 0000 0000 0000 0000
0000 0000 0000 0000 0000 0000 0000 0000
0000 0000 0000 0000 0000 0000 0000 0000
0000 0000 0000 0000 0000 0000 0000 0000
0000 0000 0000 0000 0000 0000 0000 0000
0000 0000 0000 0000 0000 0000 0000 0000
0000 0000 0000 0000 0000 0000 0000 0000
0000 0000 0000 0000 0000 0000 0000 0000
0000 0000 0000 0000 0000 0000 0000 0000
0000 0000 0000 0000 0000 0000 0000 0000
0000 0000 0000 0000 0000 0000 0000 0000
0000 0000 0000 0000 0000 0000 0000 0000
0000 0000 0000 0000 0000 0000 0000 0000
0000 0000 0000 0000 0000 0000 0000 0000
0000 0000 0000 0000 0000 0000 0000 0000
0000 0000 0000 0000 0000 0000 0000 0000
0000 0000 0000 0000 0000 0000 0000 0000
0000 0000 0000 0000 0000 0000 0000 0000
0000 0000 0000 0000 0000 0000 0000 0000
0000 0000 0000 0000 0000 0000 0000 0000
0000 0000 0000 0000 0000 0000 0000 0000
0000 0000 0000 0000 0000 0000 0000 0000
0000 0000 0000 0000 0000 0000 0000 0000
0000 0000 0000 0000 0000 0000 0000 0000
0000 0000 0000 0000 0000 0000 0000 0000
0000 0000 0000 0000 0000 0000 0000 0000
0000 0000 0000 0000 0000 0000 0000 0000
0000 0000 0000 0000 0000 0000 0000 0000
0000 0000 0000 0000 0000 0000 0000 0000
0000 0000 0000 0000 0000 0000 0000 0000
0000 0000 0000 0000 0000 0000 0000 0000
0000 0000 0000 0000 0000 0000 0000 0000
0000 0000 0000 0000 0000 0000 0000 0000
0000 0000 0000 0000 0000 0000 0000 0000
0000 0000 0000 0000 0000 0000 0000 0000
0000 0000 0000 0000 0000 0000 0000 0000
0000 0000 0000 0000 0000 0000 0000 0000
0000 0000 0000 0000 0000 0000 0000 0000
0000 0000 0000 0000 0000 0000 0000 0000
0000 0000 0000 0000 0000 0000 0000 0000
0000 0000 0000 0000 0000 0000 0000 0000
0000 0000 0000 0000 0000 0000 0000 0000
0000 0000 0000 0000 0000 0000 0000 0000
0000 0000 0000 0000 0000 0000 0000 0000
0000 0000 0000 0000 0000 0000 0000 0000
0000 0000 0000 0000 0000 0000 0000 0000
0000 0000 0000 0000 0000 0000 0000 0000
0000 0000 0000 0000 0000 0000 0000 0000
0000 0000 0000 0000 0000 0000 0000 0000
0000 0000 0000 0000 0000 0000 0000 0000
0000 0000 0000 0000 0000 0000 0000 0000
0000 0000 0000 0000 0000 0000 0000 0000
0000 0000 0000 0000 0000 0000 0000 0000
0000 0000 0000 0000 0000 0000 0000 0000
0000 0000 0000 0000 0000 0000 0000 0000
0000 0000 0000 0000 0000 0000 0000 0000
0000 0000 0000 0000 0000 0000 0000 0000
0100 0000 0200 0000 0300 0000 0400 0000
0500 0000 0600 0000 0700 0000 feff ffff
0900 0000 0a00 0000 0b00 0000 0c00 0000
0d00 0000 0e00 0000 0f00 0000 1000 0000
1100 0000 1200 0000 1300 0000 1400 0000
1500 0000 feff ffff 1700 0000 1800 0000
1900 0000 1a00 0000 1b00 0000 1c00 0000
1d00 0000 feff ffff 1f00 0000 2000 0000
2100 0000 2200 0000 2300 0000 2400 0000
2500 0000 feff ffff fdff ffff 2800 0000
feff ffff feff ffff feff ffff ffff ffff
ffff ffff ffff ffff ffff ffff ffff ffff
ffff ffff ffff ffff ffff ffff ffff ffff
ffff ffff ffff ffff ffff ffff ffff ffff
ffff ffff ffff ffff ffff ffff ffff ffff
ffff ffff ffff ffff ffff ffff ffff ffff
ffff ffff ffff ffff ffff ffff ffff ffff
ffff ffff ffff ffff ffff ffff ffff ffff
ffff ffff ffff ffff ffff ffff ffff ffff
ffff ffff ffff ffff ffff ffff ffff ffff
ffff ffff ffff ffff ffff ffff ffff ffff
ffff ffff ffff ffff ffff ffff ffff ffff
ffff ffff ffff ffff ffff ffff ffff ffff
ffff ffff ffff ffff ffff ffff ffff ffff
ffff ffff ffff ffff ffff ffff ffff ffff
ffff ffff ffff ffff ffff ffff ffff ffff
ffff ffff ffff ffff ffff ffff ffff ffff
ffff ffff ffff ffff ffff ffff ffff ffff
ffff ffff ffff ffff ffff ffff ffff ffff
ffff ffff ffff ffff ffff ffff ffff ffff
ffff ffff ffff ffff ffff ffff ffff ffff
ffff ffff ffff ffff ffff ffff ffff ffff
5200 6f00 6f00 7400 2000 4500 6e00 7400
7200 7900 0000 0000 0000 0000 0000 0000
0000 0000 0000 0000 0000 0000 0000 0000
0000 0000 0000 0000 0000 0000 0000 0000
1600 0501 ffff ffff ffff ffff 0300 0000
0609 0200 0000 0000 c000 0000 0000 0046
0000 0000 0000 0000 0000 0000 b02c 38c5
1d31 d001 2a00 0000 8000 0000 0000 0000
3100 5400 6100 6200 6c00 6500 0000 0000
0000 0000 0000 0000 0000 0000 0000 0000
0000 0000 0000 0000 0000 0000 0000 0000
0000 0000 0000 0000 0000 0000 0000 0000
0e00 0201 ffff ffff 0500 0000 ffff ffff
0000 0000 0000 0000 0000 0000 0000 0000
0000 0000 0000 0000 0000 0000 0000 0000
0000 0000 0800 0000 a81a 0000 0000 0000
5700 6f00 7200 6400 4400 6f00 6300 7500
6d00 6500 6e00 7400 0000 0000 0000 0000
0000 0000 0000 0000 0000 0000 0000 0000
0000 0000 0000 0000 0000 0000 0000 0000
1a00 0201 0100 0000 ffff ffff ffff ffff
0000 0000 0000 0000 0000 0000 0000 0000
0000 0000 0000 0000 0000 0000 0000 0000
0000 0000 0000 0000 0010 0000 0000 0000
0500 5300 7500 6d00 6d00 6100 7200 7900
4900 6e00 6600 6f00 7200 6d00 6100 7400
6900 6f00 6e00 0000 0000 0000 0000 0000
0000 0000 0000 0000 0000 0000 0000 0000
2800 0201 0200 0000 0400 0000 ffff ffff
0000 0000 0000 0000 0000 0000 0000 0000
0000 0000 0000 0000 0000 0000 0000 0000
0000 0000 1600 0000 0010 0000 0000 0000
0500 4400 6f00 6300 7500 6d00 6500 6e00
7400 5300 7500 6d00 6d00 6100 7200 7900
4900 6e00 6600 6f00 7200 6d00 6100 7400
6900 6f00 6e00 0000 0000 0000 0000 0000
3800 0201 ffff ffff ffff ffff ffff ffff
0000 0000 0000 0000 0000 0000 0000 0000
0000 0000 0000 0000 0000 0000 0000 0000
0000 0000 1e00 0000 0010 0000 0000 0000
0100 4300 6f00 6d00 7000 4f00 6200 6a00
0000 0000 0000 0000 0000 0000 0000 0000
0000 0000 0000 0000 0000 0000 0000 0000
0000 0000 0000 0000 0000 0000 0000 0000
1200 0200 ffff ffff ffff ffff ffff ffff
0000 0000 0000 0000 0000 0000 0000 0000
0000 0000 0000 0000 0000 0000 0000 0000
0000 0000 0000 0000 7500 0000 0000 0000
0000 0000 0000 0000 0000 0000 0000 0000
0000 0000 0000 0000 0000 0000 0000 0000
0000 0000 0000 0000 0000 0000 0000 0000
0000 0000 0000 0000 0000 0000 0000 0000
0000 0000 ffff ffff ffff ffff ffff ffff
0000 0000 0000 0000 0000 0000 0000 0000
0000 0000 0000 0000 0000 0000 0000 0000
0000 0000 0000 0000 0000 0000 0000 0000
0000 0000 0000 0000 0000 0000 0000 0000
0000 0000 0000 0000 0000 0000 0000 0000
0000 0000 0000 0000 0000 0000 0000 0000
0000 0000 0000 0000 0000 0000 0000 0000
0000 0000 ffff ffff ffff ffff ffff ffff
0000 0000 0000 0000 0000 0000 0000 0000
0000 0000 0000 0000 0000 0000 0000 0000
0000 0000 0000 0000 0000 0000 0000 0000
0100 0000 feff ffff ffff ffff ffff ffff
ffff ffff ffff ffff ffff ffff ffff ffff
ffff ffff ffff ffff ffff ffff ffff ffff
ffff ffff ffff ffff ffff ffff ffff ffff
ffff ffff ffff ffff ffff ffff ffff ffff
ffff ffff ffff ffff ffff ffff ffff ffff
ffff ffff ffff ffff ffff ffff ffff ffff
ffff ffff ffff ffff ffff ffff ffff ffff
ffff ffff ffff ffff ffff ffff ffff ffff
ffff ffff ffff ffff ffff ffff ffff ffff
ffff ffff ffff ffff ffff ffff ffff ffff
ffff ffff ffff ffff ffff ffff ffff ffff
ffff ffff ffff ffff ffff ffff ffff ffff
ffff ffff ffff ffff ffff ffff ffff ffff
ffff ffff ffff ffff ffff ffff ffff ffff
ffff ffff ffff ffff ffff ffff ffff ffff
ffff ffff ffff ffff ffff ffff ffff ffff
ffff ffff ffff ffff ffff ffff ffff ffff
ffff ffff ffff ffff ffff ffff ffff ffff
ffff ffff ffff ffff ffff ffff ffff ffff
ffff ffff ffff ffff ffff ffff ffff ffff
ffff ffff ffff ffff ffff ffff ffff ffff
ffff ffff ffff ffff ffff ffff ffff ffff
ffff ffff ffff ffff ffff ffff ffff ffff
ffff ffff ffff ffff ffff ffff ffff ffff
ffff ffff ffff ffff ffff ffff ffff ffff
ffff ffff ffff ffff ffff ffff ffff ffff
ffff ffff ffff ffff ffff ffff ffff ffff
ffff ffff ffff ffff ffff ffff ffff ffff
ffff ffff ffff ffff ffff ffff ffff ffff
ffff ffff ffff ffff ffff ffff ffff ffff
ffff ffff ffff ffff ffff ffff ffff ffff
0100 feff 030a 0000 ffff ffff 0609 0200
0000 0000 c000 0000 0000 0046 2300 0000
4d69 6372 6f73 6f66 7420 4f66 6669 6365
2057 6f72 6420 3937 2d32 3030 3320 cec4
b5b5 000a 0000 004d 5357 6f72 6444 6f63
0010 0000 0057 6f72 642e 446f 6375 6d65
6e74 2e38 00f4 39b2 7100 0000 0000 0000
0000 0000 0000 0000 0000 0000 0000 0000
0000 0000 0000 0000 0000 0000 0000 0000
0000 0000 0000 0000 0000 0000 0000 0000
0000 0000 0000 0000 0000 0000 0000 0000
0000 0000 0000 0000 0000 0000 0000 0000
0000 0000 0000 0000 0000 0000 0000 0000
0000 0000 0000 0000 0000 0000 0000 0000
0000 0000 0000 0000 0000 0000 0000 0000
0000 0000 0000 0000 0000 0000 0000 0000
0000 0000 0000 0000 0000 0000 0000 0000
0000 0000 0000 0000 0000 0000 0000 0000
0000 0000 0000 0000 0000 0000 0000 0000
0000 0000 0000 0000 0000 0000 0000 0000
0000 0000 0000 0000 0000 0000 0000 0000
0000 0000 0000 0000 0000 0000 0000 0000
0000 0000 0000 0000 0000 0000 0000 0000
0000 0000 0000 0000 0000 0000 0000 0000
0000 0000 0000 0000 0000 0000 0000 0000
0000 0000 0000 0000 0000 0000 0000 0000
0000 0000 0000 0000 0000 0000 0000 0000
0000 0000 0000 0000 0000 0000 0000 0000
0000 0000 0000 0000 0000 0000 0000 0000
0000 0000 0000 0000 0000 0000 0000 0000
0000 0000 0000 0000 0000 0000 0000 0000
0000 0000 0000 0000 0000 0000 0000 0000